6.42
3.97
3.45
4.52
4.31
9.02
4.96
7.31
2.6
6.17
1.11
6.65
5.57
7.52
7.31
1.44
4.48
6.05
7.53
4.78
9.89
8.88
9.44
2.83
4.3
4.45
5.98
2.28
6.94
5.02
3.82
3.96
7.49
9.47
5.39
1.55
6.28
8.54
7.62
9.96
1.77
2.84
8.84
9.05
3.97
7.37
4.57
7.58
4.53
7.98
7.06
6.89
5.0
1.47
9.93
6.46
3.39
2.88
1.59
7.25
1.46
6.83
6.5
8.22
7.29
7.91
5.15
6.1
8.24
6.89
3.99
8.57
2.43
7.87
2.53
7.27
6.14
8.94
5.17
3.99
9.06
6.85
4.31
1.39
7.11
1.87
4.33
1.77
7.74
5.53
8.41
2.86
9.23
7.08
7.37
8.2
8.74
6.07
3.45
1.9
2.85
1.88
4.9
9.31
6.26
8.15
6.04
3.06
7.87
2.68
9.66
9.6
4.36
7.76
7.97
4.28
1.77
8.59
8.52
8.97
5.96
2.79
6.27
5.55
5.89
8.58
6.41
3.78
6.98
9.76
5.2
3.2
3.05
9.62
8.97
7.27
6.53
1.68
3.65
2.05
6.77
1.1
8.77
9.14
1.87
6.16
7.36
1.22
1.06
4.75
5.07
1.56
7.5
2.44
7.07
3.94
8.75
5.4
2.19
7.99
1.83
8.26
9.36
5.55
2.55
7.16
3.48
7.57
6.33
4.45
4.48
5.17
2.87
7.99
3.45
1.42
1.34
1.19
1.95
6.87
9.84
1.08
5.25
6.51
6.41
9.11
4.56
4.48
2.58
3.77
6.92
6.89
7.56
9.42
5.58
4.69
1.09
6.14
7.64
8.5
3.03
8.36
1.91
8.56
3.13
6.39
3.32
8.62
5.67
2.31
8.63
3.23
4.38
9.45
3.95
3.13
9.34
8.94
5.73
5.7
7.1
8.5
3.48
4.78
2.3
4.44
6.59
7.5
6.22
8.4
9.2
2.29
1.29
8.78
7.93
6.02
7.17
9.83
3.02
2.35
5.96
3.22
7.54
7.41
1.98
8.02
6.96
7.32
1.09
2.92
10.0
6.32
9.28
9.13
9.43
8.07
3.04
3.61
5.98
4.48
3.28
4.7
7.83
5.23
6.59
1.61
4.62
5.26
4.05
4.06
8.09
4.97
4.07
6.94
1.76
3.95
6.49
3.85
3.81
7.23
8.07
8.19
7.84
2.63
7.03
3.41
5.78
5.68
5.03
1.43
8.13
5.35
3.42
2.61
3.79
8.05
3.74
9.1
4.66
5.53
2.82
9.9
4.27
7.16
8.68
3.61
5.97
2.54
2.16
4.62
5.92
2.97
7.09
1.3
6.32
6.64
6.77
9.55
4.09
3.74
3.33
7.12
5.88
2.36
7.43
6.16
3.1
3.93
8.83
2.56
9.57
5.52
2.21
3.67
5.5
3.5
5.07
2.91
4.91
5.98
1.02
8.52
7.81
1.06
9.41
2.24
5.01
5.46
7.76
4.15
2.89
3.34
4.26
2.49
4.12
7.55
5.75
9.78
8.2
8.25
3.35
4.6
5.4
6.38
4.17
2.14
7.71
8.78
1.82
6.27
9.17
9.38
1.61
9.23
5.16
3.17
1.28
4.59
6.83
3.22
4.71
7.52
5.37
9.06
9.67
7.77
8.63
5.04
4.86
8.38
9.73
8.24
1.32
1.47
4.74
7.17
9.8
2.36
3.86
9.45
1.69
4.98
6.44
9.6
7.67
8.67
2.17
9.7
9.64
2.09
9.3
7.2
1.46
1.76
9.81
9.28
7.15
3.72
3.92
1.02
7.09
9.57
4.09
2.55
5.16
5.38
9.7
7.2
2.36
3.13
2.35
3.38
6.33
2.18
1.97
3.58
6.09
3.86
5.76
7.0
7.68
6.48
6.45
3.8
9.56
8.96
9.42
9.6
1.21
6.12
5.51
8.21
4.6
4.13
1.92
7.58
6.03
6.9
9.36
8.81
9.82
2.33
1.87
4.96
9.76
1.73
8.88
1.11
2.44
2.52
4.19
8.48
7.96
9.98
6.51
5.0
3.76
5.44
1.31
8.69
9.95
9.08
4.13
8.58
5.15
7.95
5.19
6.26
6.59
1.65
3.62
6.41
2.27
8.52
6.54
5.45
5.06
3.08
3.34
4.29
9.37
8.88
9.46
8.35
9.89
5.39
2.45
9.42
5.87
6.01
8.22
5.71
7.05
8.95
7.94
6.38
3.82
1.98
6.83
2.39
3.63
9.22
2.11
7.9
5.21
6.18
6.86
2.02
8.33
9.71
9.3
3.86
4.84
9.73
4.95
1.93
9.45
7.5
8.64
8.42
4.31
7.77
5.36
4.88
5.0
9.94
4.3
9.13
6.35
9.39
8.72
2.22
9.14
1.74
5.85
9.18
3.77
2.74
3.97
8.17
4.25
1.46
5.42
4.39
8.39
1.88
7.44
5.8
7.6
1.83
3.64
7.25
9.26
1.84
6.62
3.32
3.1
7.98
2.62
4.72
7.43
6.82
5.61
8.84
4.09
1.18
7.37
9.62
6.82
7.28
4.62
4.29
6.33
8.44
8.39
3.58
8.48
2.49
7.74
1.09
6.52
1.6
6.23
7.19
5.27
7.18
6.78
2.98
1.56
1.12
7.88
5.04
7.05
3.78
1.68
7.04
9.79
7.17
8.11
2.67
9.66
8.05
2.35
9.07
1.87
4.02
7.54
8.06
3.51
3.94
9.47
6.7
4.75
3.83
9.94
3.1
9.88
2.47
4.77
9.66
3.22
8.72
7.33
9.59
4.1
1.38
5.21
6.89
7.52
5.92
2.91
3.3
8.9
5.54
4.85
1.84
9.37
6.18
8.22
5.94
2.81
1.87
4.14
4.81
7.37
4.25
4.68
4.58
6.69
5.22
8.73
2.86
4.27
4.17
1.92
1.59
1.21
2.09
7.23
1.38
8.33
7.14
7.58
9.42
7.13
7.78
4.51
1.62
1.44
8.96
1.38
7.56
2.33
3.74
7.89
9.87
4.32
9.4
2.96
5.86
8.77
9.01
3.69
5.6
4.26
3.17
1.27
7.44
7.73
4.7
8.49
6.07
8.27
4.38
4.83
6.14
3.44
7.97
4.82
9.83
6.3
8.24
9.35
9.92
5.4
3.37
4.24
3.18
1.35
1.76
3.13
5.85
5.53
8.99
8.95
8.55
1.08
9.85
1.26
1.28
4.01
8.7
7.31
3.24
6.0
9.16
1.14
3.6
3.51
4.61
3.03
4.76
1.16
9.62
3.94
3.11
1.97
1.43
3.99
9.59
3.51
2.72
8.74
5.13
5.18
7.76
7.89
5.56
4.36
6.82
5.09
6.7
8.83
8.32
6.9
8.02
6.71
8.07
6.56
4.43
2.51
3.5
5.91
5.61
8.12
8.59
8.01
2.09
7.31
1.34
1.24
8.06
6.05
4.67
3.22
8.99
1.63
4.35
4.15
7.29
4.86
8.4
7.66
3.71
8.22
5.79
5.29
6.96
6.19
2.92
4.47
2.52
2.81
1.39
6.25
1.31
6.45
8.16
7.99
8.38
1.9
7.88
4.11
8.72
6.91
8.13
1.54
6.83
1.66
8.47
5.41
1.84
3.1
2.6
1.71
8.35
1.29
1.37
4.38
3.44
1.35
8.08
2.29
2.24
1.62
1.38
9.48
8.95
7.95
4.87
6.97
3.47
9.94
4.19
1.65
5.42
4.83
2.15
3.84
6.67
4.6
2.43
5.01
6.93
3.56
9.97
1.92
7.76
6.08
4.91
2.58
5.56
8.47
8.16
8.35
1.12
4.35
7.2
5.04
7.18
9.46
8.01
4.07
5.27
8.71
2.57
2.47
6.22
7.93
4.1
9.85
5.95
8.54
8.05
4.97
5.55
9.22
6.77
1.3
7.19
5.51
9.45
3.32
9.09
5.38
3.64
5.92
9.96
7.33
2.3
8.99
8.46
3.28
5.64
8.79
1.93
5.8
1.15
5.5
9.15
10.0
7.78
3.94
4.64
2.6
6.6
1.73
5.27
2.68
2.87
6.23
6.75
7.34
3.59
4.81
2.46
7.36
7.14
1.7
5.61
7.27
5.64
9.24
7.0
3.61
3.12
9.95
2.04
4.49
2.9
6.74
9.01
5.94
6.86
8.76
4.21
7.95
5.29
7.23
7.99
3.44
7.91
2.45
1.83
1.87
5.96
5.22
6.35
7.03
7.31
8.84
3.94
9.59
9.83
9.05
6.65
6.26
5.18
9.59
6.46
2.15
8.54
2.3
9.23
5.83
5.78
8.26
2.05
7.93
6.22
4.49
9.78
6.49
9.65
4.07
3.15
9.37
8.92
4.69
5.82
9.53
1.03
5.44
8.92
3.53
8.32
1.42
7.89
1.48
6.62
9.92
8.91
8.53
5.26
8.69
7.14
4.17
3.89
4.15
8.51
7.92
6.19
5.39
3.64
3.2
5.75
4.85
2.07
8.24
5.31
9.59
5.35
2.6
2.45
6.36
2.52
8.46
2.72
4.34
2.57
2.75
4.07
6.47
9.29
1.93
9.76
3.27
5.83
8.61
1.72
9.34
7.83
1.73
2.94
4.98
3.71
4.11
9.2
7.97
3.31
2.04
6.69
3.45
4.12
1.16
3.94
6.93
1.95
4.3
8.89
7.32
3.73
6.7
3.79
8.47
4.99
2.24
2.69
2.38
9.39
2.17
9.27
7.55
4.67
8.31
4.6
6.85
3.14
1.65
4.81
6.91
5.92
6.98
1.66
3.67
3.59
9.49
3.61
4.83
8.46
3.2
9.51
9.43
9.86
3.27
3.54
8.05
1.33
6.29
7.29
7.84
8.15
9.63
1.07
4.83
1.43
6.95
2.87
8.44
2.11
9.41
2.72
6.92
6.03
4.49
6.46
7.49
1.17
5.15
9.63
3.89
7.63
8.57
5.55
1.55
6.5
5.84
1.25
1.17
3.06
7.86
7.44
2.54
3.66
4.24
6.52
1.27
2.81
4.91
9.78
7.38
2.01
3.02
8.26
3.82
2.81
6.71
9.78
9.11
2.91
9.81
5.72
2.23
8.51
5.81
3.51
5.23
6.77
8.66
7.28
7.46
2.41
1.78
9.94
6.15
5.77
6.92
4.22
8.43
6.62
6.32
4.34
7.89
8.54
3.78
3.99
8.67
3.09
8.0
4.16
2.81
7.36
8.26
8.36
8.99
4.76
4.54
7.88
8.83
5.75
8.46
4.87
5.34
6.74
6.74
5.31
3.3
5.44
8.72
2.71
2.38
3.89
2.4
2.78
3.11
3.29
2.67
2.01
2.45
4.12
4.35
7.65
7.68
9.68
1.12
7.59
4.43
7.37
2.31
9.1
4.78
5.62
2.82
9.92
8.02
6.23
2.2
8.57
8.79
2.55
8.81
3.04
6.6
2.29
5.94
7.01
4.22
7.78
4.77
9.6
4.76
7.32
2.56
8.24
2.85
3.74
8.61
2.28
4.6
5.57
1.08
8.99
5.36
4.31
4.55
6.67
3.39
4.63
2.18
2.68
8.26
9.81
2.28
6.46
9.37
9.21
2.64
5.36
5.21
4.37
8.01
1.41
7.01
1.97
8.16
1.74
8.53
9.03
8.0
3.59
4.39
5.83
5.7
3.55
8.49
3.87
2.9
6.38
3.09
1.6
6.34
1.29
2.95
7.9
8.24
7.98
6.82
9.48
6.0
9.99
9.7
7.24
2.46
6.3
3.69
6.01
4.32
8.64
5.03
4.41
6.81
1.75
6.38
1.15
2.27
8.87
9.92
6.74
1.79
7.38
2.16
3.23
9.51
6.11
7.99
4.55
6.63
4.83
1.56
5.63
3.37
3.64
4.28
6.9
2.0
7.3
3.33
2.48
3.03
5.71
9.08
4.42
6.83
2.82
6.47
5.93
8.71
1.88
7.54
7.81
9.06
1.21
5.05
4.49
2.71
6.0
2.24
5.16
7.03
9.95
5.08
8.17
5.75
2.43
4.18
2.99
1.75
8.37
7.17
5.82
6.46
9.7
4.25
4.93
8.77
8.46
4.83
7.14
7.34
2.59
5.73
8.99
4.95
4.79
4.56
2.89
9.69
9.46
6.9
4.28
8.93
5.63
4.48
9.2
4.8
2.69
8.74
6.25
5.51
2.34
4.6
1.14
7.14
9.63
6.48
1.81
5.24
1.24
5.76
1.78
1.88
4.08
4.02
4.89
3.48
7.81
8.37
4.46
7.76
5.01
6.25
1.55
5.24
9.42
2.29
2.81
1.7
1.38
9.95
8.99
4.42
6.23
9.22
2.51
5.8
7.48
1.96
6.07
1.83
9.18
7.86
2.82
5.29
1.77
8.21
4.5
9.93
4.11
4.97
1.96
3.01
3.4
5.96
8.5
1.84
5.64
8.22
4.22
6.08
6.93
1.1
1.36
7.09
6.75
8.46
2.81
9.51
6.13
9.86
5.56
8.81
3.73
9.73
8.16
8.43
2.63
9.27
1.62
8.88
7.74
3.9
8.6
2.79
5.91
6.82
4.4
3.64
4.01
9.19
4.61
2.85
5.93
7.45
3.99
7.2
5.62
3.86
7.13
2.01
2.41
9.06
9.39
1.29
5.35
8.68
2.33
3.06
3.89
1.09
1.31
4.71
5.28
2.81
6.07
6.2
3.64
8.28
5.53
4.31
7.7
4.45
2.79
2.83
9.67
3.63
3.11
9.4
8.56
4.87
7.31
1.33
4.99
3.54
4.31
5.05
5.5
1.84
1.6
8.4
3.58
6.31
1.06
7.74
9.59
9.27
3.2
9.94
3.1
5.32
7.69
4.64
5.53
7.18
7.34
8.39
1.85
5.88
7.66
4.13
3.91
8.22
3.67
5.72
9.68
6.34
7.82
3.66
8.16
2.6
5.2
6.81
9.45
7.0
9.86
7.9
4.58
2.17
1.04
2.28
4.47
8.94
3.89
6.56
7.62
6.08
3.72
2.2
2.58
7.9
1.83
7.96
4.02
1.44
4.42
5.87
7.38
9.25
3.89
4.32
7.54
5.91
6.34
6.17
4.61
1.27
4.6
2.41
1.95
2.73
2.16
8.8
1.87
8.76
2.55
4.18
3.23
1.23
8.68
6.57
8.98
1.77
3.56
6.5
5.81
2.08
9.22
6.84
2.47
9.37
1.36
6.41
5.65
5.45
6.44
4.78
9.76
3.45
1.28
5.21
4.71
5.84
6.19
8.33
9.52
4.45
1.62
8.87
5.88
7.19
5.6
8.83
5.11
6.53
6.06
1.14
8.89
8.97
4.28
5.13
6.97
2.34
6.45
9.8
9.37
2.06
5.83
7.01
5.75
4.16
5.5
5.42
9.21
3.68
5.36
3.16
4.89
9.72
5.35
4.08
4.64
1.78
8.78
3.54
9.93
7.62
8.69
4.92
1.89
1.85
9.88
5.47
5.29
7.69
7.25
1.39
2.75
5.94
9.74
4.72
4.36
8.64
5.42
3.03
9.58
2.62
7.36
9.03
2.5
9.04
4.47
3.62
3.41
9.94
3.7
4.3
2.15
7.38
9.59
2.0
3.68
3.06
5.91
6.29
2.4
4.7
1.52
7.56
3.31
1.51
3.92
7.39
9.72
1.95
7.97
1.25
7.41
5.65
8.51
5.99
8.53
8.05
6.43
3.34
2.15
2.73
1.28
6.75
2.73
5.55
5.3
6.65
6.39
3.5
8.38
5.2
8.94
4.1
1.57
7.42
9.95
3.74
4.52
5.32
9.46
5.19
2.69
6.49
6.11
7.34
1.08
2.99
7.53
1.32
4.06
7.07
4.11
8.45
7.97
2.85
1.34
3.33
8.33
2.65
3.74
1.11
8.76
4.67
1.77
7.37
2.68
6.28
8.86
6.46
4.32
3.44
8.29
1.54
5.98
7.2
4.0
8.15
1.26
2.99
4.56
6.83
9.05
6.89
4.87
7.82
2.92
1.26
3.1
9.27
7.95
1.68
1.34
4.76
1.26
8.64
6.76
6.41
1.02
2.64
4.31
5.0
4.88
9.85
1.51
3.65
3.7
8.8
6.9
1.15
8.63
9.54
9.57
4.13
6.07
2.4
5.17
9.39
9.58
8.78
2.22
9.69
1.78
1.6
3.15
8.2
9.44
4.31
4.95
8.99
6.35
5.1
6.24
8.97
5.84
5.01
7.45
7.3
6.71
8.47
9.89
1.94
8.05
8.9
7.12
3.91
3.72
2.01
2.23
2.6
4.35
9.56
1.98
6.01
3.48
5.77
4.62
5.19
3.06
4.9
8.86
4.9
8.22
5.92
8.7
6.95
7.51
9.23
6.31
1.5
5.16
7.09
7.38
9.69
2.58
4.04
4.22
6.09
2.1
6.89
4.55
7.7
5.55
8.04
1.84
2.72
7.19
1.31
6.95
9.63
3.36
1.01
3.02
2.91
7.01
1.82
3.01
2.32
7.85
7.01
1.22
2.49
3.05
2.56
7.16
8.64
9.67
8.2
4.54
4.2
6.77
2.44
9.07
6.21
1.4
9.15
6.02
3.3
7.07
7.21
3.28
5.25
6.24
4.16
1.83
1.32
5.38
7.75
1.75
9.63
6.3
1.44
1.04
9.11
6.16
2.9
9.55
8.97
5.98
1.34
9.49
6.74
1.68
6.05
9.31
2.35
1.28
5.68
3.32
1.16
1.66
9.01
2.02
8.78
7.76
8.69
5.98
9.86
5.31
5.17
3.61
6.65
9.53
9.67
2.37
5.17
9.88
7.47
2.26
8.39
5.4
3.03
4.5
3.3
3.86
9.12
3.85
9.89
3.96
6.44
7.85
9.65
6.83
2.2
7.35
3.38
9.96
8.02
1.27
8.3
8.75
7.55
3.39
1.1
8.73
1.56
3.7
4.0
2.06
4.92
5.19
5.28
4.8
7.08
2.23
1.08
5.0
3.82
1.31
1.16
2.06
5.31
4.42
7.18
7.07
9.53
1.26
6.97
5.62
8.76
9.27
6.85
7.55
9.09
4.49
5.86
5.61
3.19
4.25
5.0
4.49
8.69
3.41
5.68
1.36
4.79
3.63
1.13
8.85
3.15
9.51
6.01
8.89
4.37
8.34
9.27
1.23
5.79
8.87
6.21
7.74
7.19
7.13
5.93
3.05
3.58
1.24
7.67
6.4
6.2
8.08
8.14
9.07
4.54
2.1
8.69
2.63
1.04
6.63
1.16
3.88
4.73
8.85
1.95
9.6
2.67
7.85
7.63
2.46
7.94
4.99
7.67
8.85
7.76
5.92
5.66
5.03
9.81
5.77
2.42
2.51
4.85
2.3
7.72
3.68
5.92
5.01
1.35
8.67
1.62
8.39
3.66
8.83
8.18
1.76
4.62
2.95
9.28
9.99
2.68
6.04
1.15
7.43
4.93
5.76
2.88
3.38
8.06
7.88
5.86
1.6
5.65
8.12
6.32
8.73
7.77
7.84
5.59
6.96
3.48
7.41
4.8
7.95
3.32
8.46
2.32
1.56
6.72
3.86
1.44
6.94
3.17
3.3
8.5
6.1
5.22
3.14
1.81
7.75
5.46
6.63
2.06
8.84
6.76
7.0
7.79
6.47
2.32
8.5
7.04
4.34
2.31
8.55
1.91
2.54
9.51
9.04
2.24
7.0
9.5
7.24
4.42
8.78
8.13
7.55
2.12
8.32
7.18
1.86
8.31
9.03
3.82
9.25
9.09
3.59
1.69
7.06
2.43
5.79
4.97
2.63
1.24
7.08
4.63
7.71
4.16
4.16
6.13
7.66
5.2
9.5
2.6
1.41
1.93
7.53
2.97
6.27
1.29
7.78
9.44
6.9
3.84
4.57
6.46
4.5
9.02
3.75
2.26
2.47
3.75
8.93
3.93
8.17
9.6
2.1
2.42
2.71
7.66
2.71
2.94
1.96
2.65
1.19
6.65
6.85
5.89
9.94
4.72
1.72
5.69
8.64
9.8
5.24
9.79
4.58
1.99
1.52
7.49
3.87
5.6
7.66
8.83
7.93
3.26
3.71
2.92
7.78
5.0
6.83
5.69
3.25
5.51
2.76
8.47
4.03
8.9
4.25
8.6
2.11
3.38
6.45
1.27
5.9
7.12
9.97
5.59
4.56
6.65
2.76
7.82
9.03
5.2
7.49
2.47
1.77
6.8
4.59
5.05
8.75
8.9
5.71
7.84
6.63
3.17
4.57
9.9
2.3
3.18
7.18
6.22
8.58
3.31
5.85
5.69
4.08
7.61
6.98
3.35
6.63
7.34
4.0
9.57
2.92
7.8
8.52
5.95
5.48
3.61
7.48
1.28
2.23
7.91
6.54
7.04
8.21
6.97
9.22
5.04
3.98
8.36
5.69
6.64
2.3
1.41
6.46
7.25
9.21
9.11
8.97
3.99
5.97
9.75
2.12
4.58
2.93
3.16
6.01
3.91
8.48
5.0
2.36
4.23
2.15
4.62
8.6
9.19
8.82
2.2
9.21
6.56
4.0
3.64
2.09
2.98
2.62
1.96
2.43
6.39
8.26
9.29
6.96
4.47
4.49
6.34
8.56
3.12
7.05
6.12
5.0
9.35
5.56
1.45
2.4
9.84
6.68
3.66
9.77
2.79
5.63
9.93
3.38
4.46
1.31
5.82
1.04
9.2
4.01
7.29
5.33
4.0
9.28
9.08
9.06
4.79
7.25
9.98
2.75
8.05
3.08
3.98
8.01
2.23
9.52
2.07
5.05
1.88
3.74
7.97
8.61
4.41
7.74
6.08
5.36
5.23
6.15
7.39
4.98
3.04
4.99
2.42
6.34
3.83
2.8
6.95
5.34
2.6
2.24
3.79
3.51
9.31
8.75
1.52
1.44
4.15
8.2
3.61
8.64
3.39
8.32
4.97
5.34
9.38
9.84
9.79
1.41
8.38
2.45
6.81
9.74
7.73
1.4
4.47
9.28
4.49
2.96
2.52
2.14
9.16
9.08
9.7
6.21
6.69
2.61
1.81
8.27
7.54
5.09
3.71
5.79
6.32
4.36
2.23
9.2
3.2
4.72
7.1
8.32
6.16
4.12
1.06
4.52
6.78
1.03
8.38
4.28
9.26
4.04
2.6
9.53
9.12
6.43
9.24
7.14
2.77
6.37
7.9
5.24
1.14
3.37
1.3
8.36
4.95
4.13
3.66
4.9
1.66
2.2
8.0
1.08
7.47
9.4
9.18
4.29
4.66
1.63
9.47
6.87
9.63
8.69
4.86
1.01
8.23
4.49
1.11
6.26
1.97
3.86
7.18
1.09
3.49
8.31
7.63
6.79
8.29
9.11
2.36
3.86
9.11
8.67
1.04
8.78
4.38
7.61
2.08
5.97
5.19
4.53
7.43
1.16
3.72
4.97
9.96
7.94
3.89
3.49
3.57
4.08
5.61
9.05
2.37
3.22
3.42
2.43
5.24
5.42
7.79
3.31
2.99
5.49
4.15
5.27
7.67
5.7
4.8
2.56
7.89
8.11
5.2
8.94
2.97
4.46
7.73
5.95
5.25
1.66
1.94
2.06
2.64
7.86
8.21
1.38
3.75
9.8
4.65
6.62
5.06
9.27
5.7
8.98
6.07
6.3
5.76
6.15
1.47
1.18
8.08
1.09
1.91
1.29
7.75
2.66
2.27
6.3
5.48
3.73
3.87
4.51
1.07
8.58
8.12
7.28
4.82
3.9
9.95
4.81
9.94
7.44
8.9
2.09
2.37
4.45
1.69
8.22
5.26
6.04
1.91
1.82
1.95
3.8
2.9
7.92
1.76
3.96
5.61
5.05
8.31
1.15
6.0
7.23
6.54
2.23
4.88
5.56
3.95
5.45
6.75
9.72
8.85
9.4
4.31
2.3
9.02
4.64
7.81
6.78
1.4
9.98
8.24
5.09
1.26
1.03
2.53
7.68
9.29
7.93
6.38
5.82
8.24
2.97
1.87
2.77
7.89
9.04
5.23
7.64
2.36
8.22
7.88
6.23
3.42
5.81
4.85
3.77
3.92
6.1
1.37
3.28
9.99
4.97
6.28
1.52
4.51
2.07
7.46
1.11
9.97
4.31
6.74
6.63
9.07
2.45
7.79
7.21
3.98
7.88
6.79
4.23
5.98
7.17
5.4
5.66
8.34
1.66
5.91
6.48
4.68
4.76
1.21
8.08
1.31
8.98
2.82
9.38
8.39
9.31
2.52
2.93
1.44
9.49
7.73
6.24
8.53
4.59
8.06
3.68
6.83
1.43
7.9
2.88
7.48
4.03
7.94
3.26
6.15
2.48
1.1
5.97
6.23
9.03
8.8
9.19
7.97
1.18
6.5
5.58
2.3
9.96
9.64
3.01
7.03
4.04
7.78
5.54
7.77
9.89
8.06
9.83
5.19
7.61
7.65
5.47
1.76
1.72
1.02
3.65
9.28
9.05
9.58
6.55
8.41
7.68
9.45
1.08
9.45
5.56
4.87
7.46
5.92
4.68
5.46
7.08
8.78
3.7
8.17
5.78
9.7
4.39
4.13
5.76
8.74
5.81
3.08
5.32
2.1
2.53
6.6
6.4
4.12
7.94
8.01
4.97
6.77
4.26
2.86
5.25
9.11
6.48
6.43
4.09
1.58
5.95
7.57
3.15
3.34
9.3
6.46
6.11
5.0
7.87
5.3
1.34
2.13
4.26
6.31
1.44
9.31
2.91
9.19
3.22
9.03
4.8
8.51
7.08
6.92
9.44
8.22
8.04
1.42
1.55
2.7
6.61
8.7
2.04
1.57
9.87
6.01
4.36
4.87
8.62
4.35
1.46
5.69
8.48
8.34
1.45
6.24
1.78
9.22
4.51
2.02
5.8
6.07
1.25
7.08
7.43
7.27
4.8
5.88
5.36
2.85
6.55
9.02
1.64
6.18
1.57
8.39
2.37
1.74
7.31
7.25
3.49
6.89
6.91
4.77
2.06
5.02
4.87
2.2
2.06
6.98
1.68
6.57
4.19
4.84
9.3
8.07
8.89
1.33
8.89
2.17
7.33
5.9
3.66
9.53
5.06
3.87
6.46
8.74
3.42
9.1
3.19
5.02
5.38
7.53
4.14
4.21
4.81
9.72
6.43
6.34
6.62
8.4
1.2
8.66
3.02
1.83
4.2
6.32
2.86
1.72
4.18
3.19
4.71
5.28
3.98
5.11
5.88
6.96
6.75
8.63
5.47
9.85
3.14
6.85
2.38
4.81
1.03
2.85
8.9
6.14
3.56
3.51
1.87
9.24
7.07
9.84
9.2
2.05
6.32
4.52
5.34
5.03
5.0
9.46
5.34
8.11
6.77
2.8
7.54
1.84
5.22
8.24
6.23
9.98
8.77
1.5
8.44
8.27
3.23
2.55
6.64
3.45
7.27
7.1
2.82
5.38
3.6
7.93
7.5
9.62
7.08
5.8
5.86
5.25
7.33
3.59
1.2
7.52
4.84
2.24
7.45
2.05
8.23
6.45
3.44
5.52
9.86
7.53
4.21
4.13
9.17
3.79
2.26
3.16
1.29
9.57
7.65
9.99
1.03
5.84
1.55
8.29
3.51
6.22
8.75
5.14
9.24
7.11
1.45
8.75
5.96
6.17
2.37
5.46
1.32
2.24
3.44
2.02
4.18
2.07
1.42
6.44
8.28
3.38
4.92
4.03
4.86
1.32
2.45
2.91
9.25
1.41
5.38
7.58
5.27
3.93
1.66
6.67
6.23
9.73
3.06
4.25
4.62
9.33
5.46
8.79
6.8
7.31
7.29
6.55
5.58
5.77
3.29
8.21
9.27
1.72
1.6
3.01
9.63
8.08
1.24
7.64
4.17
8.38
2.46
8.54
2.51
3.42
4.5
2.77
4.16
8.38
1.35
8.67
6.19
7.86
7.31
1.88
7.63
4.2
4.02
7.84
5.71
4.21
1.67
4.09
5.23
2.06
3.7
3.69
3.58
1.72
1.83
9.02
6.93
6.43
3.28
3.31
3.77
7.37
2.82
1.68
7.96
5.58
6.17
6.52
1.35
4.17
2.01
6.22
7.84
5.82
9.26
2.67
5.19
8.26
8.31
7.8
2.99
1.94
7.82
8.29
7.77
8.94
1.92
1.58
8.18
2.83
3.41
7.74
9.0
1.47
9.81
2.64
7.84
4.84
1.06
6.13
8.6
3.25
5.58
2.92
1.42
8.71
3.67
1.06
9.18
8.56
5.77
8.13
1.15
4.42
8.06
3.51
3.9
6.28
2.64
4.88
8.12
8.97
5.84
8.96
8.02
8.79
5.84
3.6
3.62
5.57
8.86
5.1
9.25
2.84
5.68
8.24
8.42
4.8
8.72
8.33
6.56
7.28
1.11
9.62
3.7
4.72
4.74
5.78
5.93
8.3
5.74
3.25
9.17
1.73
6.37
1.37
1.73
3.06
8.65
9.47
2.04
4.84
3.16
2.52
9.48
7.2
4.88
4.24
2.72
7.9
5.47
8.5
1.82
5.55
6.09
5.83
3.58
6.96
3.34
6.84
2.38
4.44
6.08
4.46
8.53
1.77
5.13
9.76
1.22
5.83
9.7
1.77
4.2
1.61
2.47
7.17
1.62
2.76
6.38
8.37
2.34
3.92
6.94
2.11
7.61
7.49
1.78
4.34
6.02
2.67
6.0
6.52
4.23
1.85
7.1
5.94
8.45
7.83
4.14
7.37
3.19
8.39
1.97
2.79
4.13
2.17
5.68
6.6
2.34
4.9
6.75
5.53
3.39
9.24
5.05
9.12
9.38
4.61
5.63
5.7
4.99
7.51
9.53
8.47
7.13
3.59
9.4
7.81
6.8
3.22
8.61
7.81
5.65
9.88
5.45
7.88
4.29
5.13
2.9
7.97
9.34
5.3
2.29
7.81
4.13
8.45
9.21
9.45
6.96
4.08
3.08
3.29
7.65
8.44
8.58
6.14
6.85
9.42
8.86
6.61
3.14
3.48
2.06
1.96
5.65
1.06
4.06
2.61
9.23
9.29
9.19
3.15
6.2
6.6
2.42
3.17
5.09
4.56
2.44
7.46
8.37
9.26
2.73
9.25
9.47
3.08
2.91
9.93
3.03
6.36
5.61
3.32
5.37
9.09
2.99
9.49
3.32
5.55
1.08
2.76
9.38
5.51
5.64
1.77
2.81
3.35
5.85
2.33
3.7
3.74
6.06
8.02
5.91
4.61
6.91
5.23
5.55
9.74
3.71
9.85
4.53
8.61
3.02
1.89
6.59
1.79
7.33
3.79
9.25
6.53
1.84
9.24
1.81
6.2
1.86
5.75
1.98
9.22
2.84
9.51
6.2
9.17
1.01
6.64
9.97
6.53
9.89
6.8
9.95
8.98
8.43
2.74
2.96
1.41
9.02
7.83
6.97
5.92
7.43
9.89
6.05
5.24
3.61
6.73
5.15
3.06
6.21
6.71
7.88
1.21
1.13
9.34
6.95
6.17
7.95
8.33
3.6
8.13
1.28
7.13
1.52
1.98
1.07
5.18
2.49
1.35
9.37
4.94
2.74
5.78
4.87
6.5
1.84
5.36
1.62
4.08
4.74
6.08
8.95
1.72
5.96
7.57
6.99
7.03
4.59
9.85
2.22
9.0
9.69
3.7
5.25
2.7
3.92
2.16
8.08
5.44
6.54
9.85
6.81
3.5
2.58
1.07
3.71
1.73
7.92
3.35
6.52
8.88
8.21
5.99
8.16
9.96
5.58
6.18
2.86
2.96
8.57
1.26
2.87
5.77
1.68
8.16
1.14
7.06
3.51
7.0
7.26
4.88
4.89
1.58
3.85
3.57
9.08
4.43
9.91
6.89
2.35
8.01
8.17
9.55
7.84
1.69
1.45
3.58
1.99
7.98
5.22
1.09
8.24
1.7
7.22
9.57
3.76
7.45
1.68
4.25
1.62
6.94
6.99
7.08
5.72
4.26
2.31
1.95
7.77
1.88
2.99
9.75
7.88
6.04
2.65
6.74
2.14
4.17
1.09
1.02
4.37
7.02
5.44
5.52
5.65
6.33
1.54
6.07
9.73
1.25
3.21
1.7
8.5
8.56
4.77
8.74
1.27
9.88
2.47
4.72
9.04
2.53
4.99
5.35
8.33
3.61
4.9
1.44
6.68
9.07
6.66
9.93
8.4
1.48
5.16
4.24
3.3
1.79
2.27
8.62
3.66
3.93
1.16
6.32
9.85
9.88
2.4
2.96
3.46
4.85
1.19
5.45
2.51
3.69
8.4
6.81
9.81
8.79
6.47
7.29
6.75
5.04
1.29
8.78
7.75
6.33
7.31
4.51
2.83
3.25
7.03
3.13
9.53
5.47
6.39
4.29
2.59
8.83
5.79
4.08
7.26
1.75
7.01
6.93
1.29
1.2
8.19
5.42
8.84
5.22
8.26
9.26
2.04
6.59
9.6
3.6
2.52
1.02
5.8
1.6
6.4
7.25
2.34
6.24
6.47
8.85
8.99
2.45
1.67
6.53
6.56
3.37
8.88
5.4
5.67
9.56
9.68
4.09
5.56
8.65
3.85
9.13
7.07
6.65
3.07
4.14
2.88
4.06
9.54
7.87
9.95
2.29
9.23
6.82
4.02
6.53
2.62
3.3
5.35
6.38
5.42
1.02
6.13
2.15
8.47
2.1
2.85
1.42
1.41
9.0
9.61
2.26
6.7
8.25
5.35
3.18
3.28
1.82
7.28
2.59
4.0
7.72
8.25
8.46
2.5
5.26
5.12
5.91
3.45
1.7
8.59
7.12
4.07
2.08
5.02
7.43
8.44
2.04
8.44
2.14
3.45
1.53
4.55
4.78
7.53
7.16
1.65
3.39
2.82
5.74
4.57
5.93
2.31
7.36
3.57
5.37
4.0
6.49
1.29
5.74
9.36
9.89
7.36
6.6
8.16
9.83
7.67
4.11
8.7
7.56
6.26
6.51
3.12
1.76
7.96
4.86
6.47
4.84
3.3
6.32
8.28
5.6
3.76
5.61
9.54
5.9
6.81
6.7
4.8
6.26
1.84
4.63
4.38
1.29
9.07
4.69
3.68
8.14
1.09
7.85
6.21
5.77
2.11
9.5
2.99
6.63
1.89
1.73
8.84
7.97
5.63
4.26
1.35
6.75
7.4
1.17
6.61
4.3
3.31
3.21
2.58
7.29
4.85
3.99
3.91
3.82
8.35
1.38
1.75
7.06
8.06
9.27
5.8
9.5
7.99
4.3
8.4
2.75
7.77
8.38
9.17
2.96
3.6
1.79
3.93
7.82
7.13
9.07
3.01
1.96
6.16
1.81
6.58
6.57
2.4
8.59
3.91
5.5
3.23
6.39
7.96
5.06
3.41
3.94
3.13
5.55
5.3
6.84
7.57
2.09
9.98
7.42
4.19
8.18
3.51
4.64
6.07
4.74
4.57
1.01
4.26
5.53
5.74
2.14
5.93
1.74
2.91
5.19
6.86
2.6
1.8
2.33
7.43
6.01
4.56
2.19
5.68
4.13
5.28
8.59
2.45
1.98
3.95
2.26
1.87
7.69
3.49
6.0
4.54
5.77
8.28
7.82
7.27
8.67
8.23
2.47
3.73
1.66
5.25
2.38
4.05
1.71
5.04
9.28
8.94
2.1
7.99
2.28
7.85
2.56
1.85
2.34
6.73
7.77
4.2
4.99
9.79
4.3
6.39
2.51
3.96
7.02
3.24
8.83
6.8
7.89
1.45
5.94
5.52
6.01
7.68
9.47
3.26
1.49
5.59
3.04
8.64
3.79
7.82
8.03
3.11
6.57
3.65
5.75
8.46
3.99
2.73
3.73
5.55
8.26
8.98
8.52
3.7
5.12
7.92
6.9
4.3
2.28
4.68
7.64
4.15
1.74
7.03
2.68
6.25
8.02
8.33
2.62
2.23
5.51
9.98
7.02
7.37
9.17
6.25
7.0
7.89
2.39
4.65
2.71
7.06
1.37
2.36
2.45
3.73
2.94
6.16
2.09
1.9
5.76
7.72
1.55
6.03
2.08
6.22
3.69
4.05
1.66
8.33
