2945
3213
2246
1995
3047
557
1969
2836
723
500
2525
2043
400
2968
2319
2121
3350
2510
3514
2910
2380
1776
1175
1453
2800
882
3467
3372
1033
3332
750
2857
786
3076
2225
1571
3637
3953
2340
3943
684
1563
452
2870
268
94
1417
3965
1019
1499
796
2235
3573
2620
765
3423
3502
1653
3215
3785
3743
976
480
3709
3511
2454
1332
260
1826
3923
1612
1990
2159
3013
1721
690
1730
1184
3947
1280
1615
225
3130
741
1767
2953
3052
347
1528
3375
1897
814
1595
589
842
4001
2411
3949
114
1046
1875
1182
2346
3102
2592
2020
3854
1463
576
1954
3857
883
1447
393
1199
2481
1725
3916
2278
2964
3053
382
3647
1924
3538
3106
2802
3239
3398
1172
3636
2919
2903
3259
916
2642
2314
485
2685
2397
120
276
397
1103
1496
2085
1423
1252
1663
2204
2284
418
1143
2164
2628
137
222
790
1093
2144
947
2608
1910
1709
414
3034
1579
793
2665
810
1065
3586
4009
2922
1998
3697
3672
2678
3368
2361
2155
457
1913
2466
195
574
718
2106
1504
3795
2955
610
2732
230
1342
1049
2201
3272
3412
2658
3486
2766
3739
2702
4083
421
2940
2999
1344
3934
4034
1644
3275
2008
1662
1669
3807
228
3556
2009
854
2131
191
3691
3457
1029
1879
760
85
75
3944
2573
1076
3889
3207
509
4087
3610
2516
824
1306
958
967
2416
2265
689
3793
31
2578
629
2514
308
2529
4090
2445
1075
3023
3262
48
2938
1224
2991
3734
3463
154
2263
2656
3942
40
2561
3997
2071
2698
3484
1365
1568
1108
700
2030
1888
2302
3347
1930
1546
603
3724
3442
1671
2390
3614
2323
1945
3132
1361
3483
1923
1356
1339
422
2497
1422
2377
1864
2171
2827
92
3694
3701
2761
1605
1720
403
52
1140
100
2045
2115
1254
1666
354
3003
2311
2777
10
3074
2167
3317
622
3566
2128
877
1430
1891
3563
620
3043
2760
3464
3864
270
1247
661
1621
1333
2676
1461
368
3482
3506
310
1597
3164
501
1554
3664
1723
1978
656
2287
3900
3098
2778
2222
2681
2351
321
1087
83
648
2437
3289
2112
3069
1865
547
39
227
405
918
2643
497
609
1130
1680
1338
2268
615
3824
4049
3105
152
1200
147
1585
1217
707
2264
3063
1006
1739
2637
2577
278
3362
2160
2006
2830
1292
3040
1392
572
2837
219
3071
3644
1329
907
3478
2546
463
1275
309
2564
591
2600
423
1450
1203
3261
3539
2077
121
2785
1628
326
2655
2469
3286
3020
983
1180
3109
3187
3326
703
920
258
829
1849
3159
3165
2619
666
2848
1169
2055
29
213
1986
2632
2855
2960
2699
2648
3904
632
1674
3598
4093
2002
1782
3324
2767
837
3019
3578
2615
3806
1966
3618
1
97
252
3753
1213
3238
1335
1927
1388
1269
4066
335
2850
2502
3961
134
3545
4045
2292
3407
2772
908
293
1770
53
1060
3574
2451
563
3219
834
4085
3430
2721
4073
3873
3254
3876
2431
3835
991
1506
2095
1942
3673
3270
2374
3659
2312
205
58
71
1376
1478
1843
35
3021
1821
3190
822
235
2190
1264
1410
2113
2623
1933
2691
96
3143
250
788
1807
721
2664
109
2931
925
2624
1091
2521
1378
1907
2117
1511
3978
1608
1048
1858
1111
3424
3799
3358
2680
272
3729
3395
2872
1743
2593
1134
1535
3879
3103
3577
1512
1236
1985
1418
502
1963
4048
697
214
2504
2245
4062
3301
3222
1887
1457
2723
2089
3000
3410
1855
716
3155
3011
3415
767
3735
477
1836
846
616
3389
687
2758
3061
984
2878
3313
643
4053
3356
1989
3042
2212
359
3633
2909
170
3827
2666
427
2939
812
3557
4060
1634
1206
3450
2752
1028
2631
3967
3980
1596
1846
3863
3741
1109
2842
1441
758
1844
2028
3797
163
3698
672
2183
2730
4068
3750
1112
1364
1863
2195
2230
186
696
3612
2102
1784
3145
1853
2986
943
2957
1775
328
4058
1380
3907
2187
3808
3719
2226
3428
11
1799
512
3645
1781
1991
3702
2142
2440
3838
1645
857
2888
3527
549
1714
2686
3676
139
1082
1762
727
3051
558
312
2326
1158
1549
395
911
2291
2064
4052
3397
1283
1347
2774
105
680
2824
1522
3336
3761
289
3470
460
2584
2372
3567
2098
720
2783
2792
3705
1160
1603
1226
3250
2905
2688
464
1414
3903
516
1352
78
3624
3599
3690
1222
1402
236
2599
695
45
3387
2022
3409
3455
3992
735
240
674
2266
1248
3899
2734
263
1125
2376
1260
1408
614
3621
1722
1532
2639
3391
3688
3380
2795
3546
63
2387
2384
2315
3443
76
2157
3995
2345
3287
529
1257
865
2920
3988
1470
2570
127
4054
1883
1135
2588
2711
2136
4069
3553
3588
1085
3075
2251
2347
736
2543
455
544
150
1400
1300
1296
1693
311
521
3669
3319
3776
2325
2576
2406
701
2363
2902
3890
3764
471
2943
1848
2236
1783
3266
2424
2602
3413
1372
1221
734
3685
2677
4015
802
84
520
3323
2058
447
2242
2334
3111
1334
478
1857
3382
2687
3441
138
3770
375
3976
1616
523
2467
443
2518
28
2947
376
2253
36
3365
1362
1032
2365
4089
1294
360
655
2156
1305
3436
2229
3490
2463
2652
1456
3887
2713
475
3054
2667
2605
1726
373
55
2305
3206
2769
2396
618
2316
1055
351
3568
2348
3926
2166
1919
902
1505
3209
1684
20
3046
1036
3321
2135
783
1526
1043
3884
2840
2485
275
3893
1179
2165
886
1187
1443
712
2727
3515
2604
2740
4037
3784
2882
249
2276
1290
3383
287
3123
204
3393
1795
3798
3829
1548
3004
2241
654
3357
434
3433
3595
324
3298
1266
1177
483
2130
2806
675
948
1759
2712
630
2257
879
671
3555
2796
1697
1534
2780
1992
3320
3176
437
3508
3668
805
3859
3186
394
1421
1660
126
356
93
2286
69
2133
1220
2847
642
1471
2971
3288
2344
2759
1436
1139
2427
636
1961
3101
1263
1092
332
3745
257
988
2875
3853
2775
4056
3830
4055
2552
2036
2476
1760
597
1482
1003
3991
3221
1750
2194
3912
4080
915
2862
3244
1118
3257
2037
2755
1774
1360
2569
567
2003
710
3883
353
1413
385
2907
3400
2973
3078
623
2313
2956
3713
1531
1614
3041
1970
1144
1733
763
1196
2826
3404
2280
465
2782
3810
2054
1327
369
1787
2749
1606
2536
2897
3940
2537
856
795
87
3918
1695
1541
1412
966
1576
2012
1533
3088
1403
1016
3509
3519
3225
3248
3299
2988
3121
2797
3090
2660
3592
2294
1719
506
2210
1648
176
401
3602
3868
3466
4021
1195
3513
3369
3050
4026
1117
2816
2103
2199
363
3029
2507
4022
2572
1742
1981
3001
2217
3858
3355
3579
575
881
1912
2243
3622
3150
3265
390
954
3236
1860
3832
1176
459
2
3836
2470
1486
1769
2851
1255
2486
3388
1935
2845
1058
2270
220
3377
2383
2208
1779
2810
3925
1129
1523
2352
1341
4078
3418
2382
2392
2750
2982
47
1287
3872
1371
533
2684
3094
608
2200
867
3783
489
2477
1159
2694
3171
2729
3497
2822
3763
3070
1613
3915
3232
1947
306
2867
3458
2297
3256
3129
3152
3097
992
1572
3280
1898
3681
3535
2039
3550
1124
25
1005
300
2277
791
1017
3432
1095
2682
816
757
1729
3543
1578
259
3311
2673
994
3056
2465
2493
1852
3420
1929
4057
14
1314
265
2591
2426
1324
1147
2895
155
1097
3283
1151
3767
3656
1080
2539
2705
4013
1498
3352
2234
1738
1562
2010
1302
892
2703
1467
1399
2096
2700
2499
870
1163
371
1068
241
426
185
2911
1384
2707
1520
2844
1561
2590
2869
2558
535
1289
1687
2515
1881
2403
1094
751
605
267
1690
481
3015
3064
3608
647
2076
1110
1953
3723
1796
4091
3996
1708
2459
705
3625
343
1788
830
3247
388
536
416
546
3718
912
2301
1839
4006
3417
3717
2962
1435
3340
2087
3291
968
1072
872
128
3030
3095
1416
2799
2094
3307
2223
2942
2203
1983
1018
4016
1637
1640
3180
1661
2583
2119
1066
3564
450
1186
519
1542
936
320
3091
2386
1955
294
3919
1218
433
1451
3228
181
3839
1652
2669
3124
1599
3431
540
244
2854
2216
2093
2408
3079
2526
3279
3714
1625
2178
1063
3401
2556
54
3756
3781
1379
1805
466
2519
2145
391
3748
3133
539
3367
1406
303
2105
1358
2330
1957
1564
2742
599
1877
1452
3580
2977
2565
2586
1215
2418
3623
2019
2889
288
1643
1905
3281
752
2134
969
1074
1691
980
1317
3035
2634
944
2366
841
2581
3060
2198
713
1299
914
3327
3018
140
3217
3865
989
1820
1939
513
3493
1492
1688
4042
3820
1315
177
1899
1171
486
2668
2967
3439
3306
646
1107
3970
3892
1740
1815
3727
2524
141
2046
1312
182
3710
2765
3182
3371
3361
1584
801
2731
869
2814
232
3801
1703
2100
2184
4032
3825
1915
1351
495
3305
3751
1874
1567
3278
2364
470
1656
1588
3282
2611
1477
3147
3548
3498
3196
1544
818
2068
1880
16
2739
3005
4041
3333
3994
158
3754
2725
125
1911
1594
1727
3085
2979
2227
2056
3065
462
2081
3116
3156
2534
664
3449
1473
3990
1539
3803
3128
3113
3512
115
3593
3760
221
1944
2924
901
32
2936
1052
365
2934
4030
518
2491
1484
1445
2409
3966
1696
859
855
3348
1462
2918
3183
2880
1389
3255
2248
1420
2027
2641
1394
3642
3812
2252
2595
725
2886
740
3704
467
2051
1507
4020
3627
1494
2318
1559
1592
1837
454
3227
1812
2033
2841
171
3127
1590
3554
364
2559
1162
3153
885
532
2429
1949
2407
1015
3503
2168
3263
2336
2000
3973
2186
3438
1908
658
3847
1896
3572
2456
2153
1980
679
3805
993
3671
782
1822
2722
3531
3505
2492
122
133
1089
3096
1699
2601
3661
3693
3092
2228
2327
2985
2873
3373
4088
1856
1716
2813
1683
3521
3632
556
118
1321
1704
1123
1337
2069
1438
2092
2574
625
283
4036
1950
1166
327
2843
2887
803
905
1214
1816
1050
3533
2966
931
3650
1455
3689
3480
3603
2048
2925
2423
60
1670
1145
3956
1434
2904
3468
3540
3721
861
1503
2864
2596
832
67
104
1132
2405
2540
2717
231
3679
1105
317
2533
1148
1892
2193
136
3194
169
1622
3086
1007
1676
3198
209
149
2457
864
201
2307
2023
3067
2701
273
3131
2321
301
1619
2289
110
585
1948
1277
1551
1037
2908
1230
3983
3252
342
215
1617
3427
2762
828
3875
1008
1301
1279
3665
329
1020
2563
1940
2430
3394
438
396
761
193
2871
3345
3494
1964
527
3167
340
3730
800
542
298
2567
2779
2350
3779
2671
3582
1638
2622
3746
383
409
3224
1398
1556
3175
2274
858
652
1054
3158
729
3984
113
739
3343
4008
3818
4086
61
1751
2001
692
24
624
2550
3528
1686
545
1154
3308
1059
3954
3234
1885
1104
1854
2693
1831
3276
3845
941
2709
3932
1587
3979
1982
1320
1851
2353
3416
2125
2176
933
1633
719
379
66
3346
3772
2078
1601
2520
3044
3269
162
2594
2218
4031
604
4040
913
3968
2448
2866
3774
2976
1819
2597
2566
2689
3786
1328
274
469
3211
1270
2472
3290
2990
1785
3246
587
1894
2172
2360
1031
2789
1284
3768
1972
4002
1084
1023
1350
2460
2161
2998
2181
921
129
594
1569
1761
2618
2697
2629
1336
644
2061
2640
3982
386
612
2389
2625
1310
573
3931
507
2391
2898
3157
1810
2509
2654
3989
2399
904
685
717
3203
165
962
3126
392
977
2439
4081
1472
2434
2794
3429
1958
174
1086
2025
1374
1632
2256
3831
2004
1962
1999
3628
764
3901
3216
3329
1979
2735
3629
538
2317
731
595
1565
2773
2231
4039
3022
1689
2644
1396
3406
1313
251
2645
101
583
3297
1705
1122
2952
2070
978
1959
3107
2651
2874
2206
3277
985
2013
187
522
1253
3253
2322
3742
3874
487
415
621
1876
246
2900
1404
1231
1243
961
1744
2912
2630
1586
2726
1309
813
132
1834
4046
3419
1425
88
160
808
4035
3631
3981
1987
2402
3520
2607
3304
2412
3922
2080
698
1198
2926
2337
1647
352
367
1002
3930
2885
3146
3692
461
2271
554
1646
1878
940
1229
1607
2987
657
897
13
2916
1755
1013
398
12
3790
1454
1127
1098
3780
453
1234
3815
2202
3731
3722
4071
1741
431
3871
203
4070
1798
787
1886
617
4061
2690
1650
3738
2733
868
508
1718
3115
1737
3119
1659
3370
2923
1749
3747
264
3073
436
1862
3191
1051
456
1840
586
1062
2541
3084
3314
2627
1021
3337
1591
537
3657
2831
1580
1524
1265
2342
1802
1113
77
2468
3243
3210
3683
3654
1078
349
4077
2554
970
2067
2349
2338
2296
2355
1626
660
1786
490
560
2269
2174
1083
2480
173
86
1173
579
1736
3492
730
768
3231
3405
2371
2379
3950
3200
3230
1800
2610
2066
145
1754
1922
1183
4095
1487
1508
302
3576
785
1974
3049
2196
753
3877
1192
4023
474
3537
2452
323
1201
271
2609
1458
2551
650
582
4028
223
1847
1190
0
704
3744
1557
2417
2617
1357
3594
1346
640
261
2817
2498
677
2356
3910
3118
1411
669
3341
1977
3695
2511
1558
3589
746
2662
2304
3295
2062
3680
26
3181
1701
2832
4063
873
3012
1711
770
2357
43
2650
1024
960
1904
1667
72
3163
3749
153
2233
210
628
1366
1967
784
451
676
2368
2162
2035
1242
319
534
211
1598
1194
2969
1527
1131
2041
2015
3374
1574
1677
2050
1515
3229
224
930
1481
207
1156
938
598
1906
1401
2110
387
277
3517
408
2846
3643
3534
584
4067
1272
2981
1056
1973
899
3782
1041
2021
3740
3834
1251
3684
1100
1081
1936
3814
3303
420
2935
1925
2247
245
2398
1393
2137
2104
3777
635
627
2575
2495
315
3245
307
2949
3604
678
732
2279
1282
2432
425
2394
3325
3048
3708
1681
2290
3451
2647
3728
3422
442
2042
130
1209
3516
2109
3945
3292
709
682
183
847
3364
932
3828
840
2163
194
3025
3009
2891
1211
2444
1053
1278
2972
444
2309
3285
959
3027
1245
2989
972
2446
1951
2807
3296
3072
2613
862
699
1088
3581
2385
226
3241
102
3955
2185
3184
3226
2503
1651
348
1319
3474
1138
2479
2937
553
1429
2205
3529
1295
2209
3177
3765
238
878
514
2738
3788
2719
3607
284
568
1753
2240
1208
2211
184
2262
2718
2224
2743
3969
3045
188
3459
1657
3473
823
3682
3274
1136
380
3172
2101
2736
1500
1884
2421
3189
744
2400
2258
1710
602
1547
432
1806
339
1244
3547
1808
3414
3148
1004
3855
411
1152
3477
3161
428
2896
3850
3960
2369
3796
1525
3425
2614
2123
1530
3615
2244
3082
3066
896
638
775
1464
3342
922
1914
1521
3601
1382
3720
714
108
3302
4051
2754
3758
1070
1731
2306
1432
2333
937
406
1233
3757
218
2132
2984
510
1931
2475
3560
2443
424
81
3057
3886
1040
3712
570
3386
956
3205
3507
208
990
577
116
290
3843
34
3518
3501
934
945
402
953
1027
1291
2072
1763
1298
3151
2679
2892
866
965
1649
1780
745
4043
2915
555
2657
3188
1267
2173
3461
2091
2553
1367
875
1623
3139
2706
1732
3613
3031
2868
297
476
1071
1439
2834
2118
1838
3331
1692
1442
845
694
2793
1042
3725
3284
3938
1286
3700
1297
998
1642
374
7
588
2179
551
1814
366
4038
2532
1359
4011
1433
3891
1191
1903
3214
2108
3445
2483
3381
917
1679
1573
3033
430
1665
2419
1120
766
2442
1890
2435
3928
1345
2026
3911
1620
3737
1943
1765
1025
3294
3318
688
256
2332
2097
190
505
3946
1938
2425
3906
482
3822
2401
2549
2649
299
1768
3235
1079
3986
1193
1550
1789
2612
771
2528
3844
1363
1956
1996
3125
1069
3376
3083
2303
6
291
2788
1895
3952
21
4074
769
926
1801
3338
836
3840
1395
1155
2147
3977
1560
3583
3488
691
3530
3762
1529
2737
2395
3489
949
702
2034
2415
3813
2763
919
1917
2484
1618
2951
2031
1813
3826
1142
569
2812
986
3821
18
1735
3089
1311
1281
2420
2946
3894
8
314
2545
1490
1698
3036
3935
449
1604
2310
895
3344
2073
3242
80
1926
2917
1449
2052
1828
649
4072
2901
3842
1308
2381
2038
1150
4047
2116
1448
1114
774
3913
2040
963
3870
3100
2329
2458
3170
952
3384
1216
1946
1407
3733
871
1426
835
2254
987
3258
103
1771
2213
662
3562
1174
524
2473
3068
3634
1629
3895
216
2670
3037
1835
3434
3007
3773
3726
91
3998
797
3260
3638
1444
1488
964
2808
1552
1370
4044
2341
2751
3193
2063
4014
2011
1189
839
641
1397
3706
2638
3920
50
561
1792
3686
3819
3862
2158
1861
2293
1440
1009
3951
1390
3591
755
2809
996
1589
2188
3055
1026
1993
848
23
2636
1624
179
789
1057
4094
3268
889
3310
1271
1485
3351
1818
2571
5
2523
3087
1909
3948
1752
1250
3736
548
975
2653
1099
3849
3606
180
1678
2974
1258
2127
445
819
651
1115
2138
2852
645
3435
982
3971
2501
2768
1658
124
73
3462
2585
448
2500
773
2933
2798
1207
2994
4033
1316
2169
1205
2589
146
2716
2997
2784
3038
1391
3600
3447
3860
2261
1536
1034
2635
1164
1889
1354
330
2192
3867
1077
1274
3888
492
3939
3674
2487
562
206
742
446
4010
3551
4018
3696
607
1090
2517
472
253
2494
2238
281
2858
2388
706
2114
2182
1273
3817
900
3962
3339
2482
4079
1700
3140
1381
3144
1386
59
3715
1664
334
817
971
1355
2704
2255
168
2074
1480
3959
2930
1475
511
2932
733
3641
292
1307
2455
1583
3670
722
1067
1537
439
3823
1288
884
1479
3134
663
1459
2049
1758
234
2320
2674
2672
479
821
571
2963
3359
2219
1259
1850
2865
3590
2490
3677
2143
2232
346
1039
3549
1654
2370
1745
2548
1483
1702
3587
1137
3437
3077
1387
3233
404
838
2856
389
2450
2214
1509
1734
3711
4029
637
2331
581
488
833
2913
2506
2927
852
1325
1165
161
1502
3179
2107
827
4005
51
2433
3208
3974
164
3866
1764
1975
3802
119
212
909
3655
2894
3499
3524
951
318
399
2438
2757
95
1635
1672
1627
3476
407
2126
1285
2995
2505
3472
2771
515
1466
3575
2140
3114
3202
781
2513
3937
1600
1202
2177
3334
3267
192
3062
1010
3016
894
3039
3138
3173
3122
3759
17
2422
776
3460
3456
3963
3496
1149
2838
4000
1375
1778
3660
242
1790
3766
1748
2881
151
693
580
239
1238
738
2215
893
2970
1694
806
2659
440
929
2811
2823
2580
1717
2959
1326
2861
3620
143
3010
2621
1469
3523
358
1012
3972
1001
2890
1871
924
2220
1035
1794
4092
2154
4025
3316
4017
2560
2770
3135
496
1872
2024
198
633
1141
2124
2835
3666
1513
850
1609
600
1921
1377
2139
1465
2753
2626
1044
1873
248
2298
1369
2805
370
1630
1331
3385
3597
2975
2272
2367
2053
503
3771
2373
552
57
3014
3028
2018
2099
3330
4012
1882
1121
1197
3646
1997
3390
3354
2283
1232
2111
3605
3816
243
2883
815
1593
131
772
4076
2335
1685
2748
804
2285
2839
3162
708
2818
3964
3399
593
2756
1116
1223
3544
3058
1167
851
3360
2747
2663
56
3006
3349
888
196
715
2557
2086
1133
3149
1119
2714
1000
1793
3678
473
724
1932
1555
3908
3300
2675
3616
2029
3026
1968
2288
30
282
3880
41
1581
2741
1870
1210
1204
1348
435
3848
1859
3558
3667
2825
3454
3504
890
3108
3402
3192
995
3212
1773
89
1868
3240
3811
3160
1373
3569
3957
3626
1971
3174
3902
1168
2441
1728
1756
2197
3565
2530
1383
33
979
1610
3510
3178
3251
2535
1918
3479
42
3561
2948
3469
2587
1809
417
559
3914
3837
935
2453
286
355
4019
3312
44
2410
3168
1261
3707
2447
887
748
3218
4084
2471
3408
2122
754
601
295
172
2724
2512
2582
2696
1262
2993
3002
2863
2207
820
1817
2781
1712
1791
1803
3117
798
843
1343
1228
1772
3856
2906
1256
1866
3293
49
2695
849
1514
3526
2598
2075
3958
794
1582
673
2478
362
1106
279
3648
1965
777
779
3663
3596
266
3861
316
1409
3675
200
1239
178
3651
891
853
1636
378
613
2047
247
2708
3475
1061
2815
167
1219
336
3491
1474
3169
1101
4059
2879
1842
1994
3403
550
1867
4082
2555
3120
670
1276
3552
2941
825
175
3635
1713
1841
1566
2877
189
2720
1928
262
880
2082
1746
3640
413
3271
1673
1460
3791
123
3993
778
3112
1833
331
2859
3584
2120
345
1323
2300
1668
957
166
3017
1030
981
1405
860
3204
1901
1161
3882
2295
3652
1893
3104
2745
3846
1900
578
906
419
2929
1682
1468
377
2746
1757
2273
565
1984
1415
590
3495
3059
4064
491
4050
1096
2996
3809
3421
3315
484
98
3541
2282
2436
1804
619
2603
1170
762
749
1577
2237
2250
1830
1675
530
726
4027
2893
2547
2281
3411
659
2958
3662
3353
3136
3237
1655
665
2899
2180
3487
3379
313
3639
3032
2568
498
711
2819
3881
3787
1706
1427
64
2527
2259
325
254
2849
1510
3571
1631
2790
499
2562
70
2744
1715
1157
1829
3444
3885
2508
4075
296
1146
1128
2362
2239
3485
62
2375
2354
1491
2728
117
2461
2579
384
3008
2804
3223
809
2464
1553
3852
3649
429
2150
1431
1419
606
2944
3699
3522
2914
3525
1047
1611
2017
3309
3658
2308
74
3732
1934
1489
2007
3653
2146
1538
1235
543
1153
304
3142
3800
2801
2489
3378
3273
19
2496
350
997
1724
946
3220
199
611
626
3792
3752
9
973
2821
4003
1212
1227
1045
566
1823
3927
3110
1516
2175
111
504
2191
3985
1941
876
2343
3448
631
2661
1102
3585
3322
2267
1825
3878
159
3471
3440
898
3099
1602
2692
361
1246
807
3559
844
2884
1126
1832
525
3630
2129
2633
2606
217
1937
2324
1543
3921
3769
3841
2965
2791
357
3933
728
3080
107
2090
2299
90
46
1495
2829
2542
3999
2522
759
1428
2079
3941
2928
1493
3917
1011
68
79
756
412
269
3264
2060
950
743
2413
1249
305
2616
3081
1385
3542
2776
910
2059
493
3617
2978
344
1424
528
280
2249
65
1038
3465
3396
1902
22
106
3703
2787
1845
237
1811
2538
942
639
2683
780
1303
1639
468
903
3896
1318
3137
2170
2764
811
2954
2449
3609
3987
15
3619
747
3570
2488
142
3141
3363
381
1545
1501
3716
2786
1976
1073
2393
2833
3195
531
863
3199
2057
2921
3755
338
1240
1497
3851
681
1777
1304
341
4007
1869
927
3778
1707
3185
1293
3929
3197
683
3500
2428
3936
3975
441
112
2044
4
1014
2544
564
1517
2646
1437
3366
2803
2474
526
2088
3924
3481
3392
799
1518
2961
2378
1540
1570
923
955
2083
2339
2151
1322
2531
1022
3532
3833
3909
1960
2014
1476
3898
1340
2820
2148
3897
2065
27
2005
148
2414
792
229
1575
596
1237
2260
197
1064
2710
541
255
3536
372
2876
667
1824
737
4024
37
1952
3249
285
2853
1747
1185
3446
1641
2715
999
322
1349
1181
939
1188
2404
135
3154
337
2358
2359
2328
1225
3024
3328
3335
2189
686
2016
3804
2983
1268
1916
668
928
1446
2275
156
3775
202
1766
82
1797
653
2980
458
2152
4004
144
494
1368
333
1827
826
3789
3905
1178
3426
831
3452
3166
2992
1988
38
2149
517
3201
3093
2221
3
2462
1519
1920
3611
4065
3869
2828
2141
233
3453
1353
2084
1330
410
157
2950
99
2032
974
3687
2860
1241
592
874
3794
634
